m = 
1 1 1 1 1 1 1 1 1 1
1 1 1 1 1 1 1 1 1 1
1 1 1 1 1 1 1 1 1 1
1 1 1 1 1 1 1 1 1 1
1 1 1 1 1 1 1 1 1 1
1 1 1 1 1 1 1 1 1 1
1 1 1 1 1 1 1 1 1 1
1 1 1 1 1 1 1 1 1 1
1 1 1 1 1 1 1 1 1 1
1 1 1 1 1 1 1 1 1 1

a = 
1 0 0 0 0 0 0 0 0 0
0 1 0 0 0 0 0 0 0 0
0 0 1 0 0 0 0 0 0 0
0 0 0 1 0 0 0 0 0 0
0 0 0 0 1 0 0 0 0 0
0 0 0 0 0 1 0 0 0 0
0 0 0 0 0 0 1 0 0 0
0 0 0 0 0 0 0 1 0 0
0 0 0 0 0 0 0 0 1 0
0 0 0 0 0 0 0 0 0 1

sum = 
2 1 1 1 1 1 1 1 1 1
1 2 1 1 1 1 1 1 1 1
1 1 2 1 1 1 1 1 1 1
1 1 1 2 1 1 1 1 1 1
1 1 1 1 2 1 1 1 1 1
1 1 1 1 1 2 1 1 1 1
1 1 1 1 1 1 2 1 1 1
1 1 1 1 1 1 1 2 1 1
1 1 1 1 1 1 1 1 2 1
1 1 1 1 1 1 1 1 1 2

sub = 
0 1 1 1 1 1 1 1 1 1
1 0 1 1 1 1 1 1 1 1
1 1 0 1 1 1 1 1 1 1
1 1 1 0 1 1 1 1 1 1
1 1 1 1 0 1 1 1 1 1
1 1 1 1 1 0 1 1 1 1
1 1 1 1 1 1 0 1 1 1
1 1 1 1 1 1 1 0 1 1
1 1 1 1 1 1 1 1 0 1
1 1 1 1 1 1 1 1 1 0

determinant m = 
0

determinant a = 
1

